<?xml version="1.0" encoding="UTF-8"?>
<struktogramm fontfamily="83;101;114;105;102;" fontstyle="0" fontsize="15">
  <strelem typ="0" zx="0" zy="0" textcolor="-16777216" bgcolor="-1">
    <text>65;117;102;114;117;102;101;110;32;100;101;114;32;77;101;116;104;111;100;101;32;98;105;116;115;84;111;83;121;109;98;111;108;</text>
  </strelem>
  <strelem typ="0" zx="0" zy="0" textcolor="-16777216" bgcolor="-1">
    <text>114;101;116;117;114;110;32;116;104;105;115;46;99;111;100;101;77;97;112;46;103;101;116;40;65;114;114;97;121;115;46;116;111;83;116;114;105;110;103;40;98;105;116;115;41;41;59;</text>
  </strelem>
</struktogramm>

