<?xml version="1.0" encoding="UTF-8"?>
<struktogramm fontfamily="83;101;114;105;102;" fontstyle="0" fontsize="15">
  <strelem typ="0" zx="0" zy="0" textcolor="-16777216" bgcolor="-1">
    <text>65;117;102;114;117;102;32;100;101;114;32;77;101;116;104;111;100;101;32;98;105;116;115;84;111;84;101;120;116;</text>
  </strelem>
  <strelem typ="0" zx="0" zy="0" textcolor="-16777216" bgcolor="-1">
    <text>99;104;97;114;32;91;93;91;93;32;98;108;111;99;107;115;32;61;32;116;104;105;115;46;98;108;111;99;107;115;84;111;66;105;116;115;40;98;105;116;115;41;</text>
  </strelem>
  <strelem typ="0" zx="0" zy="0" textcolor="-16777216" bgcolor="-1">
    <text>99;104;97;114;32;91;93;32;115;121;109;98;111;108;115;32;61;32;110;101;119;32;99;104;97;114;91;98;105;116;115;46;108;101;110;103;116;104;40;41;47;115;105;122;101;93;</text>
  </strelem>
  <strelem typ="3" zx="0" zy="0" textcolor="-16777216" bgcolor="-1">
    <text>102;111;114;40;105;110;116;32;105;32;61;32;48;59;32;105;32;60;32;98;108;111;99;107;115;46;108;101;110;103;116;104;59;32;105;43;43;41;</text>
    <schleifeninhalt>
      <strelem typ="0" zx="0" zy="0" textcolor="-16777216" bgcolor="-1">
        <text>115;121;109;98;111;108;115;91;105;93;32;61;32;116;104;105;115;46;98;105;116;115;84;111;83;121;109;98;111;108;40;98;108;111;99;107;115;91;105;93;44;32;115;105;122;101;41;59;</text>
      </strelem>
    </schleifeninhalt>
  </strelem>
  <strelem typ="0" zx="0" zy="0" textcolor="-16777216" bgcolor="-1">
    <text>114;101;116;117;114;110;32;115;121;109;98;111;108;115;</text>
  </strelem>
</struktogramm>

