<?xml version="1.0" encoding="UTF-8"?>
<struktogramm fontfamily="83;101;114;105;102;" fontstyle="0" fontsize="15">
  <strelem typ="0" zx="0" zy="0" textcolor="-16777216" bgcolor="-1">
    <text>65;117;102;114;117;102;32;77;101;116;104;111;100;101;32;</text>
  </strelem>
  <strelem typ="0" zx="0" zy="0" textcolor="-16777216" bgcolor="-1">
    <text>69;114;115;116;101;108;108;101;32;110;101;117;101;32;67;104;97;114;32;109;105;116;32;100;101;114;32;103;114;246;223;101;32;98;105;116;46;108;101;110;103;116;104;45;32;110;</text>
  </strelem>
  <strelem typ="0" zx="0" zy="0" textcolor="-16777216" bgcolor="-1">
    <text>105;110;116;32;99;111;117;110;116;32;61;32;48;</text>
  </strelem>
  <strelem typ="4" zx="0" zy="0" textcolor="-16777216" bgcolor="-1">
    <text>102;111;114;32;40;105;110;116;32;105;61;110;59;32;105;60;32;98;105;116;46;108;101;109;103;116;104;59;105;43;43;41;</text>
    <schleifeninhalt>
      <strelem typ="0" zx="0" zy="0" textcolor="-16777216" bgcolor="-1">
        <text>83;112;101;105;99;104;101;114;32;98;105;116;32;97;110;32;83;116;101;108;108;101;32;99;111;117;110;116;32;105;109;32;78;101;119;99;104;97;114;32;97;110;32;83;116;101;108;108;101;32;105;</text>
      </strelem>
      <strelem typ="0" zx="0" zy="0" textcolor="-16777216" bgcolor="-1">
        <text>99;111;117;110;116;43;43;</text>
      </strelem>
    </schleifeninhalt>
  </strelem>
  <strelem typ="0" zx="0" zy="0" textcolor="-16777216" bgcolor="-1">
    <text>82;101;116;117;114;110;32;110;101;119;32;99;104;97;114;</text>
  </strelem>
</struktogramm>

