<?xml version="1.0" encoding="UTF-8"?>
<struktogramm fontfamily="83;101;114;105;102;" fontstyle="0" fontsize="15">
  <strelem typ="0" zx="0" zy="0" textcolor="-16777216" bgcolor="-1">
    <text>65;117;102;114;117;102;32;100;101;114;32;77;101;116;104;111;100;101;32;116;101;120;116;84;111;66;105;116;</text>
  </strelem>
  <strelem typ="1" zx="0" zy="0" textcolor="-16777216" bgcolor="-1">
    <text>73;70;32;40;116;101;120;116;46;101;113;117;97;108;115;40;34;34;41;41;</text>
    <fall fallname="74;97;">
      <strelem typ="9" zx="0" zy="0" textcolor="-16777216" bgcolor="-1">
        <text>248;</text>
      </strelem>
    </fall>
    <fall fallname="78;101;105;110;">
      <strelem typ="0" zx="0" zy="0" textcolor="-16777216" bgcolor="-1">
        <text>99;104;97;114;32;91;93;32;116;101;120;116;32;61;32;115;116;114;105;110;103;46;116;111;67;104;97;114;65;114;114;97;121;40;41;</text>
      </strelem>
      <strelem typ="0" zx="0" zy="0" textcolor="-16777216" bgcolor="-1">
        <text>69;114;115;116;101;108;108;117;110;103;32;101;105;110;101;115;32;110;101;117;101;110;32;67;104;97;114;32;65;114;114;97;121;32;109;105;116;32;100;101;114;32;71;114;246;223;101;</text>
        <text>116;101;120;116;46;108;101;110;103;116;104;40;41;32;42;32;53;</text>
        <text>-1;</text>
        <text>99;104;97;114;32;91;93;32;98;105;116;116;101;120;116;32;61;32;110;101;119;32;67;104;97;114;91;116;101;120;116;46;108;101;110;103;116;104;42;53;93;</text>
      </strelem>
      <strelem typ="0" zx="0" zy="0" textcolor="-16777216" bgcolor="-1">
        <text>105;110;116;32;112;111;115;32;61;32;48;59;</text>
      </strelem>
      <strelem typ="4" zx="0" zy="0" textcolor="-16777216" bgcolor="-1">
        <text>102;111;114;40;105;110;116;32;105;32;61;32;48;59;32;105;32;60;32;116;101;120;116;46;108;101;110;103;116;104;40;41;59;32;105;43;43;41;</text>
        <schleifeninhalt>
          <strelem typ="0" zx="0" zy="0" textcolor="-16777216" bgcolor="-1">
            <text>99;104;97;114;32;91;93;32;98;105;116;32;61;32;67;108;97;115;115;46;115;121;109;98;111;108;84;111;66;105;116;40;99;104;97;114;91;105;93;41;59;</text>
          </strelem>
          <strelem typ="0" zx="0" zy="0" textcolor="-16777216" bgcolor="-1">
            <text>98;105;116;116;101;120;116;91;112;111;115;93;32;61;32;98;105;116;91;48;93;59;</text>
            <text>98;105;116;116;101;120;116;91;112;111;115;43;49;93;32;61;32;98;105;116;91;49;93;59;</text>
            <text>98;105;116;116;101;120;116;91;112;111;115;43;50;93;32;61;32;98;105;116;91;50;93;59;</text>
            <text>98;105;116;116;101;120;116;91;112;111;115;43;51;93;32;61;32;98;105;116;91;51;93;59;</text>
            <text>98;105;116;116;101;120;116;91;112;111;115;43;52;93;32;61;32;98;105;116;91;52;93;59;</text>
          </strelem>
          <strelem typ="0" zx="0" zy="0" textcolor="-16777216" bgcolor="-1">
            <text>112;111;115;32;43;61;32;53;59;</text>
          </strelem>
          <strelem typ="0" zx="0" zy="0" textcolor="-16777216" bgcolor="-1">
            <text>82;252;99;107;103;97;98;101;32;100;101;115;32;67;104;97;114;115;</text>
          </strelem>
        </schleifeninhalt>
      </strelem>
    </fall>
  </strelem>
  <strelem typ="0" zx="0" zy="0" textcolor="-16777216" bgcolor="-1">
    <text>114;101;116;117;114;110;32;110;117;108;108;59;</text>
  </strelem>
</struktogramm>

