<?xml version="1.0" encoding="UTF-8"?>
<struktogramm fontfamily="83;101;114;105;102;" fontstyle="0" fontsize="15">
  <strelem typ="0" zx="0" zy="0" textcolor="-16777216" bgcolor="-1">
    <text>65;117;102;114;117;102;32;100;101;114;32;77;101;116;104;111;100;101;32;98;108;111;99;107;115;84;111;66;105;116;115;</text>
  </strelem>
  <strelem typ="0" zx="0" zy="0" textcolor="-16777216" bgcolor="-1">
    <text>99;104;97;114;32;91;93;32;98;105;116;115;32;61;32;110;101;119;32;99;104;97;114;91;98;105;116;115;46;108;101;110;103;116;104;42;98;105;116;115;91;48;93;46;108;101;110;103;116;104;93;</text>
  </strelem>
  <strelem typ="0" zx="0" zy="0" textcolor="-16777216" bgcolor="-1">
    <text>105;110;116;32;99;111;117;110;116;101;114;32;61;32;48;59;</text>
  </strelem>
  <strelem typ="4" zx="0" zy="0" textcolor="-16777216" bgcolor="-1">
    <text>102;111;114;40;105;110;116;32;105;32;61;32;48;59;32;105;32;60;32;98;105;116;115;46;108;101;110;103;116;104;59;32;105;43;43;41;</text>
    <schleifeninhalt>
      <strelem typ="4" zx="0" zy="0" textcolor="-16777216" bgcolor="-1">
        <text>102;111;114;40;105;110;116;32;97;32;61;32;48;59;32;97;32;60;32;98;105;116;115;91;105;93;46;108;101;110;103;116;104;40;41;59;32;97;43;43;41;</text>
        <schleifeninhalt>
          <strelem typ="0" zx="0" zy="0" textcolor="-16777216" bgcolor="-1">
            <text>98;105;116;115;91;99;111;117;110;116;101;114;93;32;61;32;98;105;116;115;91;105;93;91;97;93;</text>
          </strelem>
          <strelem typ="0" zx="0" zy="0" textcolor="-16777216" bgcolor="-1">
            <text>99;111;117;110;116;101;114;43;43;59;</text>
          </strelem>
        </schleifeninhalt>
      </strelem>
    </schleifeninhalt>
  </strelem>
  <strelem typ="0" zx="0" zy="0" textcolor="-16777216" bgcolor="-1">
    <text>114;101;116;117;114;110;32;98;105;116;115;</text>
  </strelem>
</struktogramm>

