<?xml version="1.0" encoding="UTF-8"?>
<struktogramm fontfamily="83;101;114;105;102;" fontstyle="0" fontsize="15">
  <strelem typ="0" zx="0" zy="0" textcolor="-16777216" bgcolor="-1">
    <text>65;117;102;114;117;102;32;100;101;114;32;77;101;116;104;111;100;101;32;100;101;99;114;121;112;116;105;111;110;</text>
  </strelem>
  <strelem typ="0" zx="0" zy="0" textcolor="-16777216" bgcolor="-1">
    <text>99;104;97;114;32;91;93;32;98;105;116;115;32;61;32;116;104;105;115;46;116;101;120;116;84;111;66;105;116;115;40;116;101;120;116;41;59;</text>
  </strelem>
  <strelem typ="0" zx="0" zy="0" textcolor="-16777216" bgcolor="-1">
    <text>99;104;97;114;32;91;93;91;93;32;98;108;111;99;107;115;32;61;32;116;104;105;115;46;98;105;116;115;84;111;66;108;111;99;107;115;40;98;105;116;115;44;32;115;105;122;101;41;59;</text>
  </strelem>
  <strelem typ="0" zx="0" zy="0" textcolor="-16777216" bgcolor="-1">
    <text>98;108;111;99;107;115;32;61;32;116;104;105;115;46;100;101;99;114;121;112;116;66;108;111;99;107;115;40;98;108;111;99;107;115;41;59;</text>
  </strelem>
  <strelem typ="0" zx="0" zy="0" textcolor="-16777216" bgcolor="-1">
    <text>98;105;116;115;32;61;32;116;104;105;115;46;98;108;111;99;107;115;84;111;66;105;116;115;40;98;108;111;99;107;115;44;32;115;105;122;101;41;59;</text>
  </strelem>
  <strelem typ="0" zx="0" zy="0" textcolor="-16777216" bgcolor="-1">
    <text>116;101;120;116;32;61;32;116;104;105;115;46;98;105;116;115;84;111;84;101;120;116;40;98;105;116;115;41;59;</text>
  </strelem>
  <strelem typ="0" zx="0" zy="0" textcolor="-16777216" bgcolor="-1">
    <text>114;101;116;117;114;110;32;116;101;120;116;59;</text>
  </strelem>
</struktogramm>

